100 651
    1 3
    1 10
    1 19
    1 22
    1 31
    1 43
    1 60
    1 89
    2 8
    2 10
    2 19
    2 30
    2 31
    2 48
    2 55
    2 57
    2 67
    2 88
    2 89
    2 90
    2 94
    2 97
    2 99
    2 100
    3 8
    3 10
    3 19
    3 22
    3 28
    3 31
    3 42
    3 43
    3 50
    3 57
    3 60
    3 71
    3 79
    3 89
    3 90
    3 94
    3 97
    4 13
    4 23
    4 27
    4 55
    4 62
    4 69
    4 70
    4 80
    4 91
    4 98
    5 13
    5 15
    5 34
    5 39
    5 41
    5 42
    5 44
    5 53
    5 72
    5 76
    5 83
    5 95
    6 13
    6 21
    6 24
    6 30
    6 31
    6 40
    6 42
    6 54
    6 58
    6 66
    6 71
    6 78
    6 79
    6 84
    6 88
    6 95
    7 17
    7 20
    7 24
    7 32
    7 37
    7 54
    7 55
    7 74
    7 83
    7 84
    8 15
    8 16
    8 23
    8 43
    8 49
    8 57
    8 71
    8 94
    9 14
    9 25
    9 45
    9 48
    9 70
    9 75
    9 79
    9 96
    10 12
    10 18
    10 19
    10 22
    10 31
    10 35
    10 36
    10 53
    10 57
    10 60
    10 64
    10 67
    10 71
    10 79
    10 90
    10 94
    10 97
    10 99
    10 100
    11 17
    11 21
    11 28
    11 30
    11 40
    11 54
    11 61
    11 64
    11 66
    11 86
    12 33
    12 40
    12 52
    12 53
    12 54
    12 56
    12 64
    12 66
    12 73
    12 74
    12 84
    13 15
    13 16
    13 21
    13 26
    13 28
    13 34
    13 38
    13 42
    13 44
    13 47
    13 49
    13 54
    13 62
    13 63
    13 72
    13 75
    13 76
    13 82
    13 84
    14 46
    14 49
    14 58
    14 59
    14 70
    14 79
    14 81
    14 90
    14 92
    14 93
    14 96
    15 28
    15 34
    15 38
    15 39
    15 42
    15 44
    15 49
    15 53
    15 55
    15 63
    15 65
    15 71
    15 72
    15 76
    15 82
    15 87
    15 99
    16 23
    16 30
    16 55
    16 61
    16 62
    16 68
    16 69
    16 70
    16 80
    16 85
    16 91
    16 95
    17 32
    17 37
    17 54
    17 66
    17 73
    17 78
    17 83
    17 84
    17 85
    17 87
    18 38
    18 43
    18 67
    18 71
    18 77
    18 89
    18 100
    19 22
    19 28
    19 31
    19 35
    19 43
    19 60
    19 64
    19 77
    19 79
    19 85
    19 88
    19 89
    19 90
    19 94
    19 97
    19 100
    20 33
    20 36
    20 37
    20 40
    20 52
    20 54
    20 58
    20 73
    20 77
    20 82
    20 84
    20 86
    20 99
    21 40
    21 54
    21 71
    21 76
    21 78
    21 84
    21 87
    22 35
    22 43
    22 50
    22 55
    22 57
    22 64
    22 69
    22 71
    22 77
    22 84
    22 89
    22 90
    22 94
    22 97
    23 27
    23 28
    23 30
    23 36
    23 51
    23 55
    23 59
    23 65
    23 68
    23 69
    23 70
    23 78
    23 80
    23 91
    23 98
    24 32
    24 37
    24 52
    24 56
    24 71
    24 73
    24 74
    24 78
    24 84
    24 85
    24 86
    24 99
    25 36
    25 46
    25 48
    25 75
    25 79
    25 93
    25 96
    26 28
    26 30
    26 31
    26 38
    26 42
    26 46
    26 47
    26 49
    26 53
    26 63
    26 68
    26 76
    26 79
    26 83
    26 84
    27 59
    27 62
    27 68
    27 69
    27 78
    27 89
    27 92
    27 95
    28 34
    28 39
    28 41
    28 42
    28 44
    28 45
    28 48
    28 62
    28 66
    28 76
    28 82
    28 83
    28 92
    28 98
    28 99
    29 34
    29 41
    29 42
    29 44
    29 49
    29 62
    29 76
    29 78
    29 86
    29 99
    30 36
    30 51
    30 54
    30 55
    30 59
    30 60
    30 62
    30 67
    30 69
    30 70
    30 73
    30 80
    30 82
    30 83
    31 35
    31 43
    31 46
    31 49
    31 50
    31 57
    31 60
    31 63
    31 64
    31 66
    31 71
    31 72
    31 77
    31 82
    31 88
    31 89
    31 90
    31 97
    31 100
    32 33
    32 43
    32 56
    32 57
    32 58
    32 66
    32 87
    33 43
    33 54
    33 73
    33 74
    33 84
    33 85
    33 86
    34 41
    34 47
    34 49
    34 66
    34 79
    34 82
    34 83
    34 96
    34 99
    35 40
    35 43
    35 67
    35 71
    35 88
    35 90
    35 93
    35 94
    36 40
    36 61
    36 62
    36 65
    36 70
    36 74
    36 79
    36 80
    36 99
    37 40
    37 58
    37 60
    37 74
    37 78
    37 87
    38 39
    38 47
    38 49
    38 51
    38 83
    38 99
    39 41
    39 44
    39 49
    39 63
    39 72
    39 99
    40 53
    40 54
    40 56
    40 72
    40 73
    40 74
    40 86
    40 87
    41 42
    41 49
    41 53
    41 61
    41 72
    42 44
    42 46
    42 49
    42 53
    42 65
    42 76
    42 82
    42 85
    42 99
    43 60
    43 71
    43 80
    43 81
    43 88
    43 90
    44 49
    44 53
    44 69
    44 76
    44 91
    44 99
    44 100
    45 46
    45 75
    45 79
    45 81
    45 93
    45 95
    46 61
    46 75
    46 79
    46 92
    46 93
    46 96
    47 53
    47 54
    47 63
    47 72
    47 76
    47 83
    48 52
    48 75
    48 81
    48 93
    49 55
    49 57
    49 63
    49 76
    49 79
    49 92
    49 99
    50 64
    50 89
    50 90
    50 94
    50 100
    51 55
    51 59
    51 62
    51 65
    51 68
    51 69
    51 70
    51 80
    51 91
    52 54
    52 58
    52 71
    52 73
    52 74
    52 81
    52 84
    52 85
    52 87
    52 92
    53 59
    53 72
    53 82
    53 85
    54 56
    54 67
    54 68
    54 73
    54 78
    54 84
    54 92
    55 59
    55 62
    55 65
    55 68
    55 69
    55 98
    56 66
    56 73
    56 78
    56 86
    56 87
    57 60
    57 67
    57 71
    57 90
    57 94
    57 97
    58 60
    58 78
    58 85
    58 87
    59 91
    60 65
    60 71
    60 77
    60 90
    60 94
    60 95
    61 63
    61 70
    61 79
    61 81
    61 93
    62 65
    62 68
    62 70
    62 80
    62 91
    62 98
    63 74
    63 76
    63 82
    63 99
    64 89
    64 90
    64 94
    65 80
    65 98
    66 78
    66 85
    66 94
    66 95
    66 99
    67 80
    67 94
    67 97
    68 69
    68 79
    68 95
    68 100
    69 91
    69 95
    70 95
    70 98
    71 89
    71 90
    71 94
    71 96
    71 97
    71 99
    71 100
    72 76
    73 78
    73 84
    74 76
    74 78
    74 84
    75 79
    75 92
    76 77
    76 82
    76 83
    76 99
    77 94
    78 85
    78 86
    78 87
    78 88
    79 87
    79 92
    79 93
    79 96
    80 91
    80 98
    81 92
    81 93
    82 84
    84 86
    84 87
    85 86
    88 97
    89 94
    90 93
    90 100
    91 93
    93 96