1000 6983
    1 171
    1 201
    1 223
    1 278
    1 314
    1 393
    1 414
    1 491
    1 640
    1 709
    1 729
    1 856
    1 894
    1 947
    2 465
    2 569
    2 777
    2 851
    3 242
    3 328
    3 347
    3 377
    3 419
    3 545
    3 568
    3 573
    3 652
    3 716
    3 767
    3 912
    3 933
    3 970
    4 331
    4 357
    4 362
    4 388
    4 389
    4 478
    4 504
    4 534
    4 649
    4 670
    4 685
    4 745
    4 911
    4 921
    5 229
    5 275
    5 356
    5 360
    5 373
    5 406
    5 411
    5 424
    5 473
    5 728
    5 749
    5 796
    5 849
    5 876
    6 173
    6 205
    6 420
    6 459
    6 638
    6 667
    6 799
    6 925
    7 355
    7 471
    7 508
    7 557
    7 661
    7 667
    7 671
    7 677
    7 832
    7 836
    7 890
    7 921
    8 342
    8 431
    8 599
    8 608
    8 680
    8 774
    9 367
    9 475
    9 495
    9 615
    9 618
    9 639
    9 677
    9 690
    9 859
    9 957
    10 284
    10 434
    10 458
    10 499
    10 523
    10 582
    10 606
    10 656
    10 704
    10 727
    10 744
    10 895
    11 85
    11 104
    11 371
    11 420
    11 517
    11 548
    11 599
    11 728
    11 731
    11 905
    11 938
    11 979
    12 259
    12 359
    12 360
    12 374
    12 384
    12 403
    12 407
    12 414
    12 484
    12 663
    12 682
    12 736
    12 777
    12 822
    12 906
    12 930
    12 932
    12 993
    13 445
    13 472
    13 477
    13 671
    13 730
    13 781
    13 793
    13 821
    13 980
    13 991
    14 379
    14 490
    14 511
    14 554
    14 677
    14 769
    14 783
    14 935
    15 277
    15 409
    15 429
    15 522
    15 679
    15 681
    15 761
    15 856
    16 469
    16 472
    16 506
    16 671
    16 689
    16 849
    16 894
    16 900
    17 146
    17 154
    17 255
    17 295
    17 317
    17 334
    17 438
    17 470
    17 591
    17 593
    17 619
    17 620
    17 622
    17 634
    17 886
    17 941
    18 216
    18 425
    18 556
    18 744
    18 761
    18 820
    18 825
    18 847
    18 897
    18 938
    19 432
    19 435
    19 467
    19 488
    19 574
    19 636
    19 888
    19 901
    20 378
    20 448
    20 510
    20 513
    20 523
    20 579
    20 594
    20 820
    20 831
    20 907
    21 292
    21 395
    21 567
    21 592
    21 671
    21 818
    21 875
    21 934
    21 939
    21 986
    22 365
    22 369
    22 444
    22 483
    22 526
    22 692
    22 778
    22 994
    23 308
    23 424
    23 465
    23 543
    23 547
    23 704
    23 755
    23 839
    23 947
    23 975
    24 192
    24 199
    24 313
    24 346
    24 419
    24 429
    24 432
    24 464
    24 516
    24 720
    24 731
    24 914
    24 937
    24 939
    24 950
    24 978
    25 589
    25 687
    25 714
    25 786
    25 797
    25 940
    26 123
    26 185
    26 199
    26 276
    26 306
    26 316
    26 366
    26 394
    26 451
    26 538
    26 589
    26 591
    26 601
    26 687
    26 781
    26 822
    26 848
    26 884
    26 891
    26 955
    27 211
    27 221
    27 312
    27 342
    27 372
    27 391
    27 446
    27 451
    27 499
    27 556
    27 617
    27 812
    28 272
    28 447
    28 513
    28 604
    28 861
    28 918
    28 973
    28 976
    29 327
    29 334
    29 452
    29 576
    29 594
    29 681
    29 888
    29 933
    29 947
    29 980
    30 475
    30 581
    30 624
    30 677
    30 801
    30 808
    30 859
    30 903
    30 930
    30 969
    31 270
    31 378
    31 714
    31 785
    32 251
    32 408
    32 435
    32 463
    32 613
    32 737
    32 770
    32 797
    32 835
    32 878
    32 945
    32 989
    33 324
    33 395
    33 562
    33 618
    33 649
    33 727
    33 780
    33 831
    33 892
    33 929
    34 230
    34 299
    34 318
    34 475
    34 501
    34 511
    34 656
    34 758
    35 376
    35 523
    35 592
    35 708
    35 825
    35 883
    36 401
    36 415
    36 436
    36 453
    36 514
    36 535
    36 621
    36 721
    36 796
    36 803
    36 842
    36 873
    36 917
    36 920
    36 924
    36 977
    37 595
    37 670
    37 676
    37 726
    37 950
    37 998
    38 436
    38 449
    38 502
    38 542
    38 627
    38 653
    38 797
    38 811
    38 834
    38 894
    39 112
    39 216
    39 310
    39 344
    39 377
    39 430
    39 442
    39 474
    39 581
    39 699
    39 714
    39 914
    39 915
    39 966
    40 325
    40 458
    40 506
    40 613
    40 962
    40 968
    41 230
    41 309
    41 341
    41 591
    41 618
    41 718
    41 739
    41 830
    42 103
    42 278
    42 414
    42 460
    42 491
    42 541
    42 612
    42 650
    42 718
    42 964
    43 106
    43 248
    43 252
    43 287
    43 331
    43 428
    43 435
    43 437
    43 447
    43 514
    43 530
    43 541
    43 584
    43 678
    43 705
    43 727
    43 749
    43 826
    43 841
    43 872
    44 167
    44 229
    44 276
    44 421
    44 445
    44 659
    44 694
    44 826
    44 896
    44 897
    44 945
    44 991
    45 259
    45 319
    45 320
    45 331
    45 347
    45 507
    45 562
    45 641
    45 777
    45 800
    45 970
    45 977
    46 175
    46 270
    46 315
    46 350
    46 388
    46 443
    46 499
    46 549
    46 816
    46 819
    46 882
    46 947
    46 986
    46 998
    47 103
    47 218
    47 386
    47 389
    47 440
    47 479
    47 508
    47 610
    47 643
    47 656
    47 702
    47 724
    47 780
    47 829
    47 929
    47 998
    48 458
    48 491
    48 677
    48 707
    48 801
    48 931
    49 105
    49 355
    49 615
    49 670
    49 957
    49 962
    50 201
    50 272
    50 383
    50 516
    50 525
    50 809
    50 837
    50 919
    51 172
    51 288
    51 329
    51 333
    51 428
    51 442
    51 500
    51 569
    51 619
    51 745
    51 779
    51 813
    51 822
    51 942
    52 257
    52 293
    52 357
    52 408
    52 645
    52 824
    52 874
    52 937
    53 356
    53 442
    53 467
    53 524
    53 604
    53 671
    53 704
    53 706
    53 708
    53 742
    53 777
    53 805
    53 890
    53 974
    54 265
    54 362
    54 434
    54 520
    55 104
    55 149
    55 181
    55 272
    55 489
    55 608
    55 731
    55 779
    55 853
    55 859
    55 928
    55 971
    56 397
    56 414
    56 449
    56 511
    56 583
    56 708
    56 751
    56 801
    56 805
    56 877
    56 992
    56 994
    57 200
    57 217
    57 257
    57 264
    57 322
    57 376
    57 416
    57 511
    57 534
    57 536
    57 573
    57 654
    57 679
    57 948
    58 149
    58 257
    58 280
    58 375
    58 391
    58 537
    58 546
    58 611
    58 612
    58 685
    58 769
    58 856
    58 904
    58 914
    58 927
    58 947
    58 958
    58 961
    58 965
    58 977
    59 285
    59 501
    59 507
    59 516
    59 554
    59 560
    59 643
    59 647
    59 872
    59 917
    60 369
    60 410
    60 501
    60 673
    60 762
    60 929
    60 931
    60 958
    61 355
    61 478
    61 611
    61 804
    61 880
    61 899
    62 102
    62 179
    62 228
    62 363
    62 583
    62 613
    62 736
    62 771
    62 846
    62 994
    63 151
    63 234
    63 303
    63 319
    63 322
    63 373
    63 401
    63 518
    63 522
    63 604
    63 614
    63 673
    63 679
    63 717
    63 724
    63 879
    64 680
    64 743
    64 803
    64 949
    65 177
    65 195
    65 310
    65 369
    65 389
    65 439
    65 455
    65 637
    65 639
    65 651
    65 657
    65 658
    65 694
    65 715
    65 749
    65 833
    65 910
    65 1000
    66 456
    66 517
    66 590
    66 643
    66 654
    66 657
    66 681
    66 718
    66 748
    66 765
    66 878
    66 996
    67 107
    67 336
    67 352
    67 376
    67 401
    67 465
    67 559
    67 619
    67 632
    67 638
    67 675
    67 708
    67 770
    67 811
    67 843
    67 855
    67 857
    67 954
    68 172
    68 320
    68 340
    68 390
    68 477
    68 635
    68 658
    68 772
    68 873
    68 924
    68 951
    68 998
    69 156
    69 271
    69 320
    69 372
    69 636
    69 666
    69 691
    69 702
    69 707
    69 916
    70 278
    70 441
    70 542
    70 660
    70 672
    70 675
    70 743
    70 765
    70 773
    70 842
    70 906
    70 942
    71 285
    71 317
    71 381
    71 491
    71 676
    71 705
    72 229
    72 288
    72 322
    72 358
    72 390
    72 815
    72 924
    72 933
    72 948
    72 949
    72 954
    72 987
    73 200
    73 205
    73 231
    73 242
    73 470
    73 483
    73 641
    73 787
    73 811
    73 911
    73 921
    73 980
    74 75
    74 156
    74 181
    74 235
    74 289
    74 344
    74 485
    74 488
    74 501
    74 578
    74 599
    74 675
    75 85
    75 239
    75 288
    75 492
    75 527
    75 658
    75 767
    75 799
    75 892
    75 945
    75 964
    76 124
    76 231
    76 299
    76 321
    76 422
    76 435
    76 549
    76 553
    76 556
    76 609
    76 834
    76 862
    76 970
    76 972
    77 298
    77 420
    77 479
    77 485
    77 549
    77 691
    77 731
    77 850
    77 966
    77 980
    78 276
    78 508
    78 704
    78 836
    78 883
    78 916
    78 948
    78 954
    79 414
    79 513
    79 592
    79 601
    79 632
    79 673
    79 722
    79 813
    79 855
    79 943
    80 261
    80 292
    80 307
    80 381
    80 443
    80 544
    80 687
    80 768
    80 895
    80 967
    81 187
    81 230
    81 272
    81 322
    81 359
    81 376
    81 511
    81 541
    81 548
    81 908
    82 112
    82 309
    82 353
    82 371
    82 380
    82 421
    82 431
    82 557
    82 591
    82 689
    82 697
    82 942
    82 945
    82 969
    83 245
    83 295
    83 385
    83 447
    83 596
    83 604
    83 679
    83 735
    84 181
    84 254
    84 285
    84 373
    84 512
    84 513
    84 650
    84 700
    84 754
    84 761
    84 915
    84 921
    85 150
    85 474
    85 478
    85 501
    85 522
    85 580
    85 585
    85 705
    85 708
    85 910
    85 922
    85 949
    86 110
    86 211
    86 229
    86 250
    86 344
    86 399
    86 432
    86 453
    86 667
    86 712
    86 718
    86 869
    86 933
    86 1000
    87 136
    87 426
    87 469
    87 479
    87 553
    87 555
    87 620
    87 651
    87 692
    87 708
    87 784
    87 801
    87 802
    87 865
    87 942
    87 964
    87 970
    87 978
    88 304
    88 320
    88 345
    88 513
    88 655
    88 670
    88 693
    88 770
    88 894
    88 985
    89 234
    89 423
    89 521
    89 552
    89 583
    89 616
    89 666
    89 681
    89 799
    89 833
    89 854
    89 980
    90 215
    90 283
    90 346
    90 427
    90 447
    90 499
    90 606
    90 709
    90 975
    90 995
    91 305
    91 314
    91 327
    91 430
    91 455
    91 467
    91 525
    91 588
    91 671
    91 776
    91 777
    91 923
    92 277
    92 288
    92 390
    92 520
    92 608
    92 643
    92 675
    92 688
    92 861
    92 878
    92 911
    92 976
    93 147
    93 228
    93 421
    93 527
    93 533
    93 545
    93 588
    93 633
    93 817
    93 987
    94 149
    94 158
    94 236
    94 245
    94 388
    94 466
    94 484
    94 574
    94 596
    94 734
    94 947
    94 949
    94 952
    94 971
    95 349
    95 371
    95 516
    95 581
    95 657
    95 661
    95 706
    95 749
    95 784
    95 786
    95 924
    95 937
    96 119
    96 226
    96 239
    96 309
    96 422
    96 449
    96 462
    96 521
    96 581
    96 699
    96 749
    96 760
    96 882
    96 943
    96 962
    96 977
    97 395
    97 546
    97 853
    97 914
    98 387
    98 426
    98 502
    98 597
    98 958
    98 993
    99 326
    99 526
    99 554
    99 906
    100 200
    100 210
    100 283
    100 293
    100 296
    100 335
    100 363
    100 496
    100 556
    100 577
    100 656
    100 666
    100 796
    100 829
    100 929
    100 976
    101 166
    101 284
    101 447
    101 485
    101 640
    101 714
    101 727
    101 788
    101 798
    101 810
    101 811
    101 927
    102 237
    102 298
    102 315
    102 336
    102 415
    102 658
    102 679
    103 231
    103 325
    103 374
    103 397
    103 504
    103 674
    103 695
    103 726
    103 832
    103 988
    104 185
    104 304
    104 527
    104 539
    104 586
    104 618
    104 669
    104 688
    104 842
    104 880
    104 900
    104 908
    104 943
    104 982
    105 155
    105 396
    105 441
    105 461
    105 658
    105 703
    105 863
    105 915
    105 934
    106 420
    106 441
    106 470
    106 509
    106 532
    106 549
    106 568
    106 794
    106 864
    106 888
    106 911
    107 155
    107 166
    107 210
    107 312
    107 363
    107 437
    107 561
    107 571
    107 605
    107 694
    107 695
    107 813
    107 841
    107 852
    107 870
    107 908
    107 991
    108 271
    108 311
    108 429
    108 459
    108 477
    108 478
    108 482
    108 560
    108 679
    108 709
    108 781
    108 984
    109 493
    109 533
    109 543
    109 585
    109 615
    109 618
    109 641
    109 660
    109 677
    109 763
    109 803
    109 820
    109 850
    109 856
    109 886
    109 919
    110 168
    110 299
    110 330
    110 355
    110 397
    110 411
    110 491
    110 614
    110 900
    111 250
    111 252
    111 272
    111 459
    111 535
    111 558
    111 580
    111 621
    112 123
    112 127
    112 255
    112 306
    112 364
    112 511
    112 633
    112 760
    112 761
    112 802
    112 932
    112 953
    113 124
    113 210
    113 245
    113 295
    113 308
    113 360
    113 393
    113 399
    113 433
    113 491
    113 506
    113 576
    113 591
    113 739
    113 969
    113 1000
    114 433
    114 455
    114 609
    114 882
    114 929
    114 968
    115 271
    115 415
    115 520
    115 536
    115 577
    115 579
    115 596
    115 629
    115 632
    115 678
    115 722
    115 727
    115 774
    115 832
    115 864
    115 901
    115 903
    115 970
    116 240
    116 363
    116 429
    116 457
    116 562
    116 640
    116 642
    116 714
    116 874
    116 875
    116 893
    116 928
    116 932
    116 998
    117 132
    117 219
    117 371
    117 453
    117 543
    117 611
    117 648
    117 657
    117 736
    117 743
    117 744
    117 832
    117 871
    117 930
    117 960
    117 993
    118 155
    118 518
    118 559
    118 562
    118 595
    118 671
    118 705
    118 818
    118 850
    118 857
    118 858
    118 900
    119 168
    119 213
    119 251
    119 356
    119 406
    119 498
    119 680
    119 686
    119 859
    120 151
    120 363
    120 456
    120 599
    120 619
    120 677
    120 794
    120 845
    120 950
    120 971
    121 131
    121 246
    121 264
    121 435
    121 449
    121 454
    121 549
    121 588
    121 601
    121 603
    121 723
    121 875
    121 937
    121 965
    122 151
    122 290
    122 579
    122 594
    122 664
    122 900
    123 375
    123 500
    123 592
    123 615
    123 701
    123 735
    123 862
    123 877
    123 901
    123 943
    124 180
    124 182
    124 256
    124 263
    124 419
    124 422
    124 444
    124 485
    124 600
    124 604
    124 636
    124 701
    124 763
    124 848
    124 950
    124 955
    125 130
    125 133
    125 287
    125 297
    125 298
    125 299
    125 303
    125 449
    125 780
    125 800
    125 867
    125 904
    126 177
    126 283
    126 299
    126 405
    126 502
    126 586
    126 638
    126 829
    126 857
    126 955
    126 963
    126 977
    127 346
    127 437
    127 542
    127 607
    127 617
    127 621
    127 656
    127 658
    127 718
    127 741
    127 767
    127 903
    127 938
    127 951
    127 970
    128 436
    128 471
    128 480
    128 550
    128 641
    128 726
    128 800
    128 829
    128 913
    128 953
    129 145
    129 188
    129 303
    129 349
    129 506
    129 563
    129 594
    129 785
    130 170
    130 245
    130 322
    130 359
    130 464
    130 488
    130 491
    130 767
    130 799
    130 973
    130 974
    131 261
    131 271
    131 414
    131 429
    131 465
    131 471
    131 509
    131 611
    131 687
    131 761
    131 916
    132 151
    132 175
    132 342
    132 369
    132 563
    132 591
    132 665
    132 737
    132 754
    132 840
    132 981
    133 139
    133 308
    133 350
    133 452
    133 630
    133 647
    133 701
    133 745
    133 771
    133 788
    133 810
    133 856
    133 894
    134 187
    134 211
    134 229
    134 236
    134 456
    134 497
    134 581
    134 595
    134 599
    134 778
    134 815
    134 873
    134 923
    134 940
    134 954
    134 993
    135 192
    135 193
    135 196
    135 220
    135 341
    135 418
    135 594
    135 628
    135 852
    135 858
    135 865
    135 866
    136 147
    136 186
    136 382
    136 385
    136 449
    136 515
    136 716
    136 869
    136 881
    136 927
    136 975
    137 356
    137 367
    137 415
    137 443
    137 584
    137 593
    137 629
    137 656
    137 760
    137 812
    137 854
    137 932
    137 937
    137 993
    138 262
    138 300
    138 382
    138 419
    138 462
    138 477
    138 521
    138 591
    138 599
    138 640
    138 721
    138 788
    138 791
    138 823
    138 924
    138 935
    138 965
    138 970
    138 972
    138 977
    139 168
    139 268
    139 309
    139 360
    139 364
    139 374
    139 487
    140 146
    140 396
    140 509
    140 565
    140 591
    140 699
    140 701
    140 775
    140 889
    140 907
    140 948
    140 974
    141 156
    141 233
    141 262
    141 362
    141 370
    141 413
    141 435
    141 445
    141 494
    141 654
    141 695
    141 889
    141 891
    141 971
    142 289
    142 341
    142 565
    142 597
    142 647
    142 692
    142 695
    142 738
    142 810
    142 816
    142 900
    142 989
    143 220
    143 248
    143 249
    143 542
    143 607
    143 936
    144 182
    144 215
    144 217
    144 254
    144 476
    144 523
    144 599
    144 690
    144 691
    144 772
    144 824
    144 921
    145 197
    145 231
    145 340
    145 414
    145 509
    145 558
    145 601
    145 693
    145 696
    145 858
    145 925
    146 152
    146 196
    146 198
    146 204
    146 247
    146 484
    146 582
    146 584
    146 596
    146 623
    146 871
    146 916
    147 266
    147 399
    147 495
    147 528
    147 711
    147 760
    147 873
    147 878
    147 960
    147 967
    148 288
    148 380
    148 405
    148 456
    148 509
    148 642
    148 709
    148 761
    148 801
    148 863
    148 877
    148 892
    148 917
    148 991
    149 206
    149 247
    149 290
    149 305
    149 317
    149 363
    149 442
    149 464
    149 487
    149 535
    149 571
    149 764
    149 843
    149 861
    149 906
    149 943
    149 945
    150 206
    150 210
    150 302
    150 369
    150 375
    150 423
    150 481
    150 739
    150 867
    150 888
    150 900
    151 185
    151 241
    151 278
    151 373
    151 418
    151 556
    151 622
    151 644
    151 874
    151 903
    152 190
    152 220
    152 320
    152 327
    152 386
    152 500
    152 518
    152 546
    152 552
    152 554
    152 563
    152 585
    152 677
    152 684
    152 714
    152 729
    152 859
    152 880
    152 953
    153 539
    153 553
    153 707
    153 726
    153 768
    153 890
    153 934
    153 948
    154 177
    154 288
    154 382
    154 387
    154 473
    154 536
    154 635
    154 673
    154 692
    154 834
    154 835
    155 221
    155 228
    155 241
    155 311
    155 344
    155 383
    155 417
    155 568
    155 608
    155 633
    155 683
    155 724
    155 895
    156 285
    156 392
    156 441
    156 460
    156 530
    156 802
    156 838
    156 887
    156 918
    157 159
    157 228
    157 275
    157 380
    157 388
    157 414
    157 458
    157 479
    157 704
    157 734
    157 738
    157 869
    157 916
    157 954
    158 187
    158 208
    158 280
    158 288
    158 320
    158 443
    158 478
    158 511
    158 523
    158 554
    158 604
    158 610
    158 615
    158 719
    158 739
    158 807
    158 909
    158 929
    158 938
    158 949
    158 983
    159 190
    159 210
    159 270
    159 293
    159 295
    159 297
    159 345
    159 360
    159 379
    159 383
    159 437
    159 441
    159 474
    159 477
    159 486
    159 529
    159 530
    159 583
    159 625
    159 674
    159 708
    159 732
    159 745
    159 824
    159 839
    159 913
    159 919
    160 172
    160 219
    160 238
    160 278
    160 280
    160 374
    160 399
    160 413
    160 543
    160 566
    160 581
    160 593
    160 635
    160 681
    160 691
    160 698
    160 765
    160 805
    160 830
    160 850
    160 940
    160 964
    161 269
    161 292
    161 492
    161 512
    161 549
    161 557
    161 602
    161 697
    161 741
    161 760
    161 884
    161 954
    162 257
    162 268
    162 488
    162 545
    162 577
    162 678
    162 712
    162 846
    162 966
    162 987
    163 186
    163 312
    163 325
    163 403
    163 413
    163 458
    163 466
    163 468
    163 550
    163 552
    163 608
    163 653
    163 724
    163 758
    163 790
    163 986
    164 268
    164 431
    164 480
    164 489
    164 500
    164 519
    164 531
    164 881
    164 882
    164 923
    165 170
    165 187
    165 435
    165 438
    165 557
    165 593
    165 656
    165 676
    165 877
    165 932
    165 969
    165 980
    166 168
    166 346
    166 527
    166 591
    166 705
    166 717
    166 835
    166 981
    167 320
    167 392
    167 431
    167 432
    167 639
    167 668
    167 678
    167 703
    167 792
    167 796
    167 802
    167 848
    167 870
    168 265
    168 276
    168 429
    168 446
    168 546
    168 679
    168 706
    168 718
    168 736
    168 834
    168 906
    168 912
    168 969
    168 980
    169 243
    169 289
    169 323
    169 345
    169 370
    169 435
    169 600
    169 611
    169 664
    169 670
    169 801
    169 868
    169 911
    169 930
    169 981
    169 988
    170 463
    170 471
    170 498
    170 550
    170 562
    170 675
    170 728
    170 809
    170 931
    170 981
    171 494
    171 522
    171 638
    171 701
    171 744
    171 796
    171 857
    171 859
    171 891
    171 978
    171 980
    172 177
    172 181
    172 238
    172 305
    172 379
    172 490
    172 534
    172 684
    172 782
    172 829
    172 861
    172 890
    172 987
    173 534
    173 541
    173 710
    173 789
    173 811
    173 886
    173 971
    174 223
    174 451
    174 532
    174 608
    174 631
    174 673
    174 728
    174 835
    174 954
    174 974
    175 210
    175 343
    175 415
    175 436
    175 479
    175 568
    175 616
    175 901
    176 199
    176 257
    176 276
    176 454
    176 546
    176 598
    176 610
    176 957
    176 983
    176 995
    177 231
    177 236
    177 288
    177 411
    177 424
    177 489
    177 639
    177 727
    177 749
    177 789
    177 972
    177 998
    178 401
    178 406
    178 442
    178 669
    178 674
    178 678
    178 708
    178 710
    178 795
    178 812
    178 825
    178 869
    179 249
    179 283
    179 327
    179 379
    179 569
    179 602
    179 630
    179 694
    179 730
    179 796
    179 810
    179 847
    179 922
    180 198
    180 210
    180 320
    180 333
    180 450
    180 531
    180 565
    180 611
    180 813
    180 820
    180 833
    180 846
    180 864
    180 884
    180 983
    181 321
    181 481
    181 525
    181 606
    181 638
    181 662
    181 706
    181 711
    181 914
    181 931
    182 276
    182 315
    182 326
    182 351
    182 396
    182 415
    182 505
    182 534
    182 543
    182 569
    182 670
    182 934
    183 206
    183 221
    183 322
    183 323
    183 454
    183 586
    183 687
    183 850
    183 871
    183 883
    184 229
    184 262
    184 293
    184 321
    184 412
    184 526
    184 657
    184 662
    184 667
    184 686
    184 748
    184 839
    185 368
    185 385
    185 407
    185 457
    185 461
    185 477
    185 566
    185 709
    185 833
    185 839
    185 892
    186 189
    186 191
    186 193
    186 235
    186 282
    186 285
    186 357
    186 369
    186 371
    186 480
    186 491
    186 548
    186 587
    186 731
    186 804
    186 952
    186 958
    186 994
    187 219
    187 261
    187 269
    187 466
    187 531
    187 535
    187 626
    187 793
    187 799
    187 809
    187 917
    187 943
    187 944
    187 975
    188 438
    188 439
    188 518
    188 523
    188 548
    188 559
    188 579
    188 856
    188 866
    188 950
    188 993
    189 191
    189 227
    189 316
    189 354
    189 428
    189 460
    189 520
    189 533
    189 534
    189 572
    189 607
    189 653
    189 658
    189 866
    189 924
    190 232
    190 346
    190 372
    190 388
    190 404
    190 540
    190 611
    190 707
    190 714
    190 725
    190 729
    190 772
    190 783
    190 787
    190 911
    190 936
    190 952
    190 964
    191 759
    191 803
    191 845
    191 847
    191 863
    191 909
    191 914
    191 923
    191 938
    191 939
    191 963
    191 980
    192 425
    192 435
    192 458
    192 477
    192 677
    192 708
    192 775
    192 782
    192 832
    192 854
    192 948
    192 987
    193 240
    193 253
    193 343
    193 405
    193 599
    193 801
    193 812
    193 859
    193 863
    193 919
    193 923
    193 973
    194 247
    194 273
    194 332
    194 428
    194 515
    194 538
    194 567
    194 623
    194 987
    194 989
    195 272
    195 397
    195 430
    195 438
    195 505
    195 513
    195 703
    195 735
    195 757
    195 770
    195 803
    195 846
    195 890
    196 230
    196 282
    196 529
    196 549
    196 606
    196 647
    196 806
    196 849
    196 911
    196 944
    196 946
    196 967
    197 214
    197 298
    197 429
    197 517
    197 526
    197 671
    197 712
    197 713
    197 777
    197 789
    197 872
    197 921
    197 993
    198 204
    198 228
    198 240
    198 255
    198 400
    198 431
    198 459
    198 464
    198 526
    198 692
    198 698
    198 700
    198 776
    198 840
    199 229
    199 244
    199 312
    199 319
    199 467
    199 494
    199 513
    199 761
    199 947
    200 411
    200 413
    200 595
    200 608
    200 630
    200 665
    200 747
    200 758
    200 774
    200 808
    200 884
    200 929
    200 950
    201 230
    201 261
    201 378
    201 448
    201 503
    201 560
    201 583
    201 691
    201 802
    201 806
    201 888
    201 918
    201 931
    201 968
    202 335
    202 378
    202 451
    202 479
    202 559
    202 607
    202 627
    202 631
    202 747
    202 765
    202 805
    202 829
    202 915
    202 927
    203 293
    203 517
    203 533
    203 572
    203 624
    203 654
    203 721
    203 765
    203 814
    203 815
    203 890
    203 954
    204 340
    204 436
    204 442
    204 607
    204 727
    204 841
    204 883
    204 937
    205 216
    205 276
    205 299
    205 322
    205 328
    205 496
    205 573
    205 579
    205 623
    205 905
    206 265
    206 336
    206 391
    206 548
    206 585
    206 614
    206 670
    206 690
    206 704
    206 772
    206 808
    206 824
    206 835
    206 927
    206 957
    207 336
    207 366
    207 442
    207 524
    207 687
    207 843
    207 914
    207 981
    208 551
    208 574
    208 575
    208 577
    208 638
    208 783
    208 855
    209 215
    209 226
    209 231
    209 233
    209 434
    209 605
    209 618
    209 653
    209 704
    209 790
    209 898
    209 964
    210 334
    210 372
    210 426
    210 432
    210 475
    210 476
    210 490
    210 498
    210 628
    210 631
    210 712
    210 787
    210 798
    210 801
    210 816
    210 819
    210 874
    210 891
    210 936
    210 937
    210 971
    211 260
    211 298
    211 305
    211 309
    211 364
    211 367
    211 396
    211 427
    211 433
    211 458
    211 600
    211 617
    211 656
    211 676
    211 691
    211 751
    211 764
    211 833
    211 894
    212 253
    212 354
    212 396
    212 431
    212 465
    212 555
    212 599
    212 602
    212 676
    212 733
    212 800
    212 950
    212 989
    212 992
    213 249
    213 253
    213 322
    213 419
    213 529
    213 662
    213 792
    213 798
    213 881
    213 895
    213 931
    214 276
    214 319
    214 489
    214 535
    214 783
    214 850
    214 921
    214 924
    214 950
    215 242
    215 308
    215 425
    215 629
    215 727
    215 738
    215 753
    215 761
    215 810
    215 840
    215 844
    215 945
    215 977
    216 275
    216 404
    216 418
    216 520
    216 645
    216 896
    216 969
    217 335
    217 464
    217 485
    217 613
    217 645
    217 695
    217 802
    217 947
    218 519
    218 522
    218 551
    218 567
    218 851
    218 887
    218 924
    218 968
    218 983
    219 252
    219 253
    219 350
    219 385
    219 415
    219 416
    219 489
    219 552
    219 562
    219 579
    219 652
    219 676
    219 692
    219 821
    219 968
    220 252
    220 344
    220 381
    220 425
    220 499
    220 544
    220 545
    220 581
    220 635
    220 675
    220 750
    220 913
    220 959
    221 232
    221 450
    221 534
    221 584
    221 593
    221 779
    221 846
    221 875
    221 983
    222 248
    222 250
    222 441
    222 494
    222 502
    222 562
    222 630
    222 763
    222 807
    222 839
    222 840
    222 921
    223 385
    223 416
    223 512
    223 582
    223 615
    223 697
    223 721
    223 910
    223 982
    223 999
    224 364
    224 433
    224 521
    224 567
    224 637
    224 672
    224 721
    224 798
    224 836
    224 885
    224 936
    224 939
    225 270
    225 352
    225 426
    225 456
    225 603
    225 657
    225 690
    225 806
    225 962
    225 966
    225 969
    225 975
    226 440
    226 458
    226 589
    226 617
    226 647
    226 656
    226 665
    226 676
    226 889
    226 934
    226 953
    226 992
    227 288
    227 361
    227 363
    227 471
    227 473
    227 521
    227 569
    227 712
    227 716
    227 768
    227 873
    227 915
    227 989
    228 288
    228 304
    228 496
    228 586
    228 720
    228 731
    228 736
    228 781
    228 797
    228 864
    228 923
    229 258
    229 464
    229 484
    229 614
    229 652
    229 695
    229 707
    229 752
    229 787
    229 792
    229 824
    229 846
    229 850
    229 885
    229 966
    230 309
    230 325
    230 427
    230 671
    230 700
    230 750
    230 756
    230 850
    230 852
    230 867
    230 980
    231 366
    231 376
    231 394
    231 464
    231 521
    231 531
    231 567
    231 646
    231 732
    231 896
    232 272
    232 371
    232 461
    232 563
    232 595
    232 650
    232 715
    232 728
    233 430
    233 493
    233 550
    233 631
    233 652
    233 677
    233 717
    233 918
    233 944
    233 964
    234 327
    234 331
    234 352
    234 531
    234 688
    234 696
    234 768
    234 846
    234 868
    234 913
    234 933
    234 935
    235 325
    235 357
    235 400
    235 483
    235 485
    235 542
    235 586
    235 636
    235 792
    235 810
    235 877
    235 880
    235 940
    235 960
    236 241
    236 287
    236 357
    236 358
    236 378
    236 518
    236 519
    236 620
    236 669
    236 736
    236 812
    236 822
    236 835
    237 384
    237 701
    237 805
    238 322
    238 362
    238 401
    238 468
    238 469
    238 630
    238 720
    238 799
    238 869
    238 980
    239 330
    239 352
    239 468
    239 499
    239 569
    239 694
    239 755
    239 793
    239 839
    239 924
    239 966
    239 999
    240 245
    240 286
    240 349
    240 448
    240 459
    240 644
    240 701
    240 713
    240 758
    240 894
    240 911
    241 295
    241 386
    241 426
    241 434
    241 471
    241 490
    241 498
    241 590
    241 596
    241 643
    241 675
    241 723
    241 869
    241 964
    241 988
    242 290
    242 383
    242 421
    242 433
    242 463
    242 558
    242 568
    242 606
    242 640
    242 664
    242 703
    242 866
    242 975
    243 310
    243 322
    243 368
    243 416
    243 532
    243 594
    243 597
    243 613
    243 820
    243 867
    243 899
    243 985
    243 998
    244 253
    244 278
    244 340
    244 648
    244 751
    244 799
    244 803
    244 935
    244 965
    245 571
    245 648
    245 763
    245 772
    245 790
    245 893
    245 994
    246 721
    246 725
    246 796
    246 853
    246 896
    246 897
    246 901
    247 414
    247 441
    247 515
    247 535
    247 613
    247 616
    247 641
    247 694
    247 803
    248 250
    248 284
    248 345
    248 369
    248 376
    248 435
    248 561
    248 687
    248 713
    248 728
    248 834
    248 863
    248 882
    248 893
    248 938
    249 313
    249 382
    249 433
    249 569
    249 700
    249 710
    249 733
    249 771
    249 804
    249 910
    249 971
    250 320
    250 324
    250 353
    250 408
    250 575
    250 798
    250 825
    250 943
    251 294
    251 345
    251 415
    251 522
    251 562
    251 698
    251 703
    251 793
    251 799
    251 888
    252 321
    252 419
    252 491
    252 568
    252 594
    252 619
    252 679
    252 802
    252 846
    252 943
    253 295
    253 386
    253 429
    253 432
    253 468
    253 671
    253 773
    253 794
    253 798
    253 806
    253 921
    254 334
    254 477
    254 539
    254 693
    254 768
    254 774
    254 795
    254 953
    255 278
    255 299
    255 364
    255 456
    255 660
    255 671
    255 709
    255 830
    255 977
    256 372
    256 432
    256 763
    256 809
    256 813
    256 838
    256 887
    257 306
    257 339
    257 369
    257 430
    257 495
    257 510
    257 516
    257 538
    257 786
    257 802
    257 818
    257 958
    257 979
    258 281
    258 480
    258 547
    258 625
    258 638
    258 748
    258 866
    259 325
    259 403
    259 462
    259 514
    259 545
    259 572
    259 615
    259 628
    259 708
    259 743
    259 758
    259 760
    259 853
    259 954
    260 463
    260 550
    260 625
    261 313
    261 354
    261 362
    261 467
    261 693
    261 703
    261 859
    261 861
    262 613
    262 634
    262 858
    262 925
    262 930
    263 288
    263 346
    263 357
    263 452
    263 520
    263 524
    263 575
    263 666
    263 700
    263 769
    263 780
    263 825
    263 870
    264 300
    264 487
    264 534
    264 628
    264 635
    264 639
    264 647
    264 803
    264 831
    264 867
    264 891
    264 987
    265 274
    265 296
    265 390
    265 434
    265 453
    265 666
    265 715
    265 760
    265 864
    265 972
    265 976
    266 369
    266 380
    266 670
    266 812
    266 974
    267 355
    267 371
    267 383
    267 439
    267 445
    267 472
    267 588
    267 637
    267 694
    267 908
    268 333
    268 349
    268 406
    268 512
    268 557
    268 562
    268 568
    268 570
    268 595
    268 679
    268 769
    268 823
    268 857
    268 889
    268 986
    269 320
    269 332
    269 359
    269 373
    269 382
    269 463
    269 582
    269 595
    269 644
    269 811
    269 830
    269 908
    270 402
    270 568
    270 691
    270 741
    270 827
    270 985
    271 485
    271 538
    271 542
    271 601
    271 629
    271 633
    271 716
    271 747
    271 831
    271 832
    271 889
    271 934
    272 284
    272 352
    272 355
    272 377
    272 537
    272 649
    272 856
    272 932
    272 980
    272 981
    272 982
    273 293
    273 348
    273 449
    273 462
    273 545
    273 568
    273 618
    273 627
    273 672
    273 686
    273 702
    273 720
    273 743
    274 367
    274 420
    274 430
    274 451
    274 531
    274 610
    274 672
    274 718
    274 771
    274 786
    274 809
    275 282
    275 346
    275 380
    275 386
    275 485
    275 516
    275 552
    275 579
    275 597
    275 711
    275 808
    276 496
    276 625
    276 668
    276 806
    277 331
    277 547
    277 552
    277 557
    277 601
    277 668
    277 677
    277 690
    277 829
    277 901
    278 345
    278 393
    278 471
    278 645
    278 817
    278 854
    278 903
    278 933
    278 941
    278 942
    278 943
    279 303
    279 400
    279 710
    279 716
    279 723
    279 732
    279 758
    279 885
    280 317
    280 332
    280 524
    280 605
    280 657
    280 703
    280 767
    280 788
    280 858
    280 880
    280 902
    280 948
    280 976
    281 321
    281 460
    281 512
    281 564
    281 565
    281 645
    281 807
    281 871
    281 896
    281 980
    281 992
    282 463
    282 560
    282 674
    282 714
    282 720
    282 870
    282 922
    282 931
    282 996
    283 317
    283 323
    283 455
    283 501
    283 550
    283 589
    283 630
    283 779
    283 797
    283 820
    283 874
    283 924
    284 301
    284 348
    284 363
    284 451
    284 493
    284 502
    284 511
    284 577
    284 651
    284 682
    284 705
    284 837
    284 850
    284 881
    285 291
    285 330
    285 504
    285 631
    285 635
    285 731
    285 782
    286 296
    286 556
    286 562
    286 623
    286 755
    286 763
    286 782
    286 885
    286 945
    287 489
    287 492
    287 521
    287 802
    287 989
    288 387
    288 609
    288 612
    288 672
    288 681
    288 715
    288 775
    288 821
    288 895
    288 905
    288 928
    289 401
    289 422
    289 810
    289 847
    289 927
    289 957
    289 966
    290 358
    290 395
    290 458
    290 460
    290 661
    290 755
    290 783
    290 819
    290 898
    290 956
    290 979
    291 294
    291 304
    291 318
    291 367
    291 427
    291 449
    291 566
    291 585
    291 610
    291 666
    291 687
    291 730
    291 762
    291 773
    291 813
    291 873
    291 887
    291 918
    291 934
    291 948
    291 965
    291 993
    291 998
    292 433
    292 592
    292 658
    292 834
    292 942
    293 429
    293 484
    293 498
    293 550
    293 561
    293 574
    293 588
    293 594
    293 686
    293 710
    293 714
    293 767
    294 419
    294 465
    294 689
    294 698
    294 702
    294 723
    294 973
    294 1000
    295 297
    295 396
    295 419
    295 437
    295 449
    295 475
    295 532
    295 624
    295 632
    295 640
    295 731
    295 835
    295 884
    295 951
    296 310
    296 324
    296 353
    296 399
    296 432
    296 510
    296 597
    296 677
    296 702
    296 736
    296 750
    296 792
    296 797
    296 837
    296 851
    296 882
    296 890
    296 902
    296 904
    297 356
    297 499
    297 500
    297 538
    297 544
    297 588
    297 767
    297 797
    297 854
    297 871
    297 928
    298 391
    298 477
    298 517
    298 520
    298 795
    298 807
    298 869
    298 888
    298 923
    299 441
    299 654
    299 668
    299 708
    299 743
    299 804
    299 983
    300 313
    300 355
    300 395
    300 402
    300 549
    300 588
    300 602
    300 667
    300 697
    300 717
    300 745
    300 760
    300 776
    300 886
    300 889
    300 989
    301 340
    301 345
    301 356
    301 383
    301 472
    301 499
    301 518
    301 536
    301 544
    301 783
    301 806
    301 824
    301 896
    301 958
    301 966
    301 968
    301 980
    302 364
    302 467
    302 730
    302 773
    302 777
    302 898
    302 953
    303 318
    303 375
    303 485
    303 516
    303 555
    303 572
    303 779
    303 956
    304 305
    304 314
    304 489
    304 540
    304 598
    304 691
    304 794
    304 978
    305 417
    305 563
    305 572
    305 707
    305 773
    305 817
    305 818
    306 413
    306 506
    306 714
    306 836
    306 867
    306 916
    306 935
    306 968
    306 989
    307 329
    307 337
    307 417
    307 455
    307 511
    307 569
    307 683
    307 849
    307 892
    307 896
    307 958
    308 373
    308 702
    308 949
    308 989
    309 328
    309 364
    309 493
    309 541
    309 551
    309 656
    309 705
    309 892
    309 902
    309 942
    310 390
    310 447
    310 475
    310 513
    310 536
    310 637
    310 643
    310 742
    310 749
    310 848
    310 929
    310 939
    311 491
    311 537
    311 635
    311 706
    311 744
    311 781
    312 470
    312 501
    312 561
    312 620
    312 625
    312 698
    312 799
    312 833
    312 855
    312 914
    312 938
    312 964
    313 322
    313 530
    313 554
    313 588
    313 673
    313 737
    313 792
    313 871
    313 880
    313 982
    314 317
    314 537
    314 766
    314 784
    314 793
    314 826
    314 875
    314 896
    314 924
    314 939
    314 971
    315 317
    315 346
    315 366
    315 466
    315 536
    315 540
    315 563
    315 712
    315 755
    315 836
    315 853
    315 864
    315 906
    315 940
    315 995
    316 321
    316 531
    316 548
    316 640
    316 874
    316 881
    316 971
    316 998
    317 512
    317 520
    317 574
    317 645
    317 744
    317 807
    317 832
    317 896
    317 963
    318 454
    318 552
    318 595
    318 697
    318 769
    318 813
    318 953
    319 379
    319 441
    319 578
    319 609
    319 686
    319 718
    319 728
    319 733
    319 811
    319 835
    319 947
    319 1000
    320 413
    320 483
    320 489
    320 589
    320 620
    320 651
    320 693
    320 947
    320 951
    320 955
    321 421
    321 423
    321 494
    321 612
    321 630
    321 699
    321 797
    321 893
    322 434
    322 575
    322 744
    322 772
    322 950
    322 968
    322 991
    323 401
    323 412
    323 421
    323 552
    323 651
    323 669
    323 684
    323 697
    323 733
    323 780
    323 864
    323 896
    323 930
    323 966
    323 977
    324 405
    324 472
    324 478
    324 503
    324 506
    324 524
    324 575
    324 597
    324 688
    324 711
    324 751
    324 754
    324 785
    324 923
    324 941
    325 383
    325 499
    325 603
    325 628
    325 750
    325 797
    325 935
    325 946
    325 948
    325 960
    325 969
    325 997
    326 371
    326 421
    326 442
    326 523
    326 533
    326 701
    326 730
    326 739
    326 753
    326 770
    326 851
    326 862
    327 430
    327 492
    327 593
    327 768
    327 851
    328 376
    328 459
    328 479
    328 610
    328 715
    328 741
    328 754
    328 809
    328 879
    329 358
    329 459
    329 475
    329 517
    329 594
    329 595
    329 734
    329 771
    329 816
    329 879
    329 888
    329 902
    329 903
    329 907
    330 338
    330 424
    330 477
    330 523
    330 625
    330 722
    330 778
    330 801
    330 867
    330 868
    330 914
    331 409
    331 434
    331 442
    331 556
    331 586
    331 691
    331 708
    331 722
    331 726
    331 761
    331 837
    332 367
    332 405
    332 432
    332 466
    332 501
    332 650
    332 654
    332 666
    332 731
    332 772
    332 877
    332 885
    332 912
    332 942
    332 988
    333 783
    333 939
    333 941
    333 942
    333 966
    334 385
    334 402
    334 520
    334 665
    334 700
    334 760
    334 951
    334 968
    334 973
    334 985
    335 393
    335 423
    335 491
    335 544
    335 589
    335 698
    335 740
    335 805
    335 933
    336 389
    336 568
    336 711
    336 853
    336 967
    336 972
    337 355
    337 386
    337 480
    337 481
    337 573
    337 664
    337 746
    337 781
    337 922
    338 433
    338 487
    338 784
    338 798
    338 848
    338 931
    338 970
    339 531
    339 548
    339 659
    339 665
    339 746
    339 778
    339 814
    339 832
    339 894
    340 396
    340 401
    340 469
    340 478
    340 647
    340 678
    340 824
    340 825
    340 981
    341 346
    341 450
    341 633
    341 667
    341 708
    341 719
    341 730
    341 826
    341 865
    342 356
    342 392
    342 457
    342 477
    342 493
    342 616
    342 618
    342 696
    342 852
    343 379
    343 445
    343 486
    343 581
    343 668
    343 697
    343 706
    343 747
    344 362
    344 520
    344 614
    344 876
    344 918
    345 353
    345 414
    345 549
    345 550
    345 725
    345 874
    345 905
    345 925
    345 988
    346 426
    346 589
    346 638
    346 688
    346 750
    346 854
    346 907
    347 477
    347 558
    348 465
    348 552
    348 565
    348 599
    348 641
    348 671
    348 789
    348 854
    348 869
    348 973
    349 406
    349 414
    349 428
    349 446
    349 593
    349 660
    349 719
    349 743
    349 744
    349 847
    349 915
    349 965
    350 573
    350 632
    350 699
    350 934
    350 973
    351 524
    351 738
    351 898
    352 630
    352 671
    352 704
    352 717
    352 750
    352 794
    352 797
    352 863
    352 1000
    353 417
    353 466
    353 483
    353 514
    353 534
    353 544
    353 657
    353 700
    353 781
    353 844
    354 416
    354 467
    354 497
    354 535
    354 624
    354 641
    354 682
    354 742
    354 750
    354 812
    354 996
    355 381
    355 403
    355 455
    355 632
    355 726
    355 838
    355 859
    355 890
    355 892
    355 925
    355 931
    355 937
    355 960
    355 972
    356 392
    356 448
    356 463
    356 466
    356 480
    356 547
    356 580
    356 589
    356 672
    356 683
    356 802
    356 881
    356 949
    357 403
    357 547
    357 658
    357 673
    357 786
    357 817
    357 836
    357 982
    358 544
    358 628
    358 673
    358 705
    358 793
    358 836
    358 842
    358 917
    358 921
    358 996
    359 395
    359 396
    359 433
    359 436
    359 445
    359 738
    359 861
    359 925
    359 951
    359 992
    360 430
    360 471
    360 533
    360 582
    360 666
    360 671
    360 756
    360 771
    360 858
    360 896
    360 942
    361 425
    361 511
    361 598
    361 623
    361 671
    361 684
    361 722
    361 744
    361 773
    361 794
    361 890
    361 894
    361 918
    362 488
    362 554
    362 614
    362 759
    362 862
    362 868
    362 891
    362 949
    362 954
    362 986
    363 499
    363 543
    363 563
    363 592
    363 689
    363 708
    363 786
    363 818
    363 862
    363 901
    363 941
    363 966
    364 542
    364 605
    364 862
    364 876
    364 903
    365 416
    365 495
    365 513
    365 582
    365 595
    365 680
    365 711
    365 744
    365 746
    366 438
    366 525
    366 698
    366 704
    366 815
    366 862
    366 909
    366 991
    367 511
    367 634
    367 648
    367 665
    367 710
    367 826
    367 845
    367 921
    367 923
    367 925
    368 392
    368 470
    368 507
    368 592
    368 742
    368 854
    368 906
    368 923
    369 373
    369 500
    369 509
    369 533
    369 569
    369 586
    369 635
    369 659
    369 700
    369 759
    369 920
    369 929
    369 944
    370 437
    370 457
    370 463
    370 499
    370 507
    370 620
    370 648
    370 681
    370 773
    370 818
    370 820
    370 975
    371 428
    371 511
    371 611
    371 632
    371 669
    371 707
    371 722
    371 769
    371 782
    371 880
    372 426
    372 452
    372 557
    372 657
    372 669
    372 688
    372 725
    372 791
    372 809
    372 842
    372 858
    372 917
    372 992
    373 427
    373 474
    373 487
    373 509
    373 560
    373 756
    373 757
    373 772
    373 896
    373 912
    373 916
    374 406
    374 604
    374 794
    374 842
    374 847
    374 927
    375 405
    375 516
    375 525
    375 545
    375 578
    375 795
    375 903
    375 953
    376 407
    376 746
    376 748
    376 792
    376 896
    377 450
    377 522
    377 530
    377 547
    377 599
    377 617
    377 711
    377 782
    377 787
    377 973
    377 997
    378 439
    378 444
    378 618
    378 692
    378 701
    378 785
    378 793
    378 829
    378 897
    379 496
    379 502
    379 539
    379 727
    379 733
    379 754
    379 782
    379 819
    380 396
    380 432
    380 486
    380 514
    380 746
    380 829
    380 887
    380 918
    380 921
    381 401
    381 409
    381 438
    381 458
    381 482
    381 497
    381 594
    381 738
    381 876
    381 902
    382 393
    382 479
    382 483
    382 530
    382 543
    382 552
    382 699
    382 708
    382 804
    382 885
    382 926
    383 411
    383 481
    383 593
    383 621
    383 764
    383 781
    383 991
    384 443
    384 448
    384 573
    384 852
    384 888
    384 935
    384 939
    384 947
    385 394
    385 416
    385 425
    385 582
    385 631
    385 657
    385 678
    385 721
    385 933
    385 950
    385 976
    385 991
    386 478
    386 537
    386 651
    386 732
    386 783
    386 844
    386 978
    386 981
    387 434
    387 452
    387 465
    387 515
    387 541
    387 621
    387 658
    387 766
    387 786
    387 798
    387 897
    388 419
    388 436
    388 524
    388 571
    388 683
    388 748
    388 755
    388 804
    388 900
    389 502
    389 548
    389 572
    389 603
    389 605
    389 610
    389 623
    389 643
    389 662
    389 732
    389 784
    389 832
    389 861
    389 871
    389 879
    389 890
    389 920
    389 972
    390 433
    390 442
    390 452
    390 471
    390 524
    390 525
    390 561
    390 682
    390 691
    390 956
    390 977
    391 453
    391 471
    391 522
    391 547
    391 645
    391 696
    391 763
    391 827
    391 854
    391 925
    392 396
    392 503
    392 540
    392 549
    392 593
    392 705
    392 890
    393 515
    393 734
    393 739
    393 846
    393 903
    393 948
    393 975
    394 452
    394 453
    394 455
    394 521
    394 607
    394 667
    394 707
    394 779
    394 796
    394 800
    394 943
    395 645
    395 670
    395 826
    395 862
    395 952
    395 963
    396 410
    396 450
    396 542
    396 550
    396 617
    396 747
    396 928
    396 943
    396 989
    396 995
    397 610
    397 624
    397 706
    397 772
    397 815
    397 861
    398 432
    398 607
    398 696
    398 759
    398 835
    398 850
    398 902
    398 922
    399 470
    399 708
    399 737
    399 821
    399 854
    399 868
    399 964
    400 403
    400 419
    400 430
    400 433
    400 697
    400 762
    400 773
    401 497
    401 658
    401 681
    401 688
    401 758
    401 833
    401 894
    401 899
    401 925
    402 595
    402 830
    402 863
    402 944
    402 947
    402 970
    402 1000
    403 464
    403 720
    404 455
    404 503
    404 534
    404 644
    404 676
    404 943
    404 958
    404 975
    405 491
    405 582
    405 651
    405 702
    405 722
    405 818
    405 855
    405 882
    405 890
    405 949
    406 527
    406 582
    406 614
    406 656
    406 661
    406 681
    406 708
    406 884
    406 936
    406 968
    407 575
    407 600
    407 642
    407 694
    407 767
    407 938
    407 974
    408 432
    408 454
    408 465
    408 597
    408 722
    408 729
    408 768
    408 897
    408 965
    409 472
    409 821
    409 842
    409 888
    409 933
    410 434
    410 535
    410 588
    410 718
    410 737
    410 803
    410 963
    410 1000
    411 435
    411 519
    411 561
    411 562
    411 646
    411 679
    411 741
    411 841
    411 904
    411 917
    411 938
    412 552
    412 598
    412 663
    412 813
    412 844
    412 868
    413 464
    413 482
    413 584
    413 673
    413 722
    413 729
    413 759
    413 786
    413 837
    413 857
    413 869
    413 898
    414 468
    414 483
    414 521
    414 534
    414 563
    414 741
    414 867
    414 993
    414 994
    415 526
    415 687
    415 693
    415 834
    415 850
    415 857
    415 909
    415 961
    416 417
    416 575
    416 610
    416 613
    416 654
    416 681
    416 763
    416 803
    416 826
    416 850
    416 870
    416 890
    416 910
    416 956
    416 974
    417 424
    417 591
    417 663
    417 670
    417 749
    417 773
    417 795
    417 845
    417 887
    418 460
    418 773
    418 862
    418 879
    418 967
    419 421
    419 431
    419 486
    419 517
    419 525
    419 549
    419 558
    419 567
    419 575
    419 747
    419 824
    419 865
    419 936
    419 937
    420 466
    420 480
    420 530
    420 705
    420 708
    420 759
    420 790
    420 801
    420 920
    420 926
    420 991
    421 430
    421 597
    421 682
    421 754
    421 775
    421 818
    421 825
    421 930
    422 493
    422 577
    422 611
    422 796
    422 835
    422 888
    422 897
    422 907
    422 917
    422 951
    423 454
    423 460
    423 500
    423 576
    423 591
    423 594
    423 600
    423 606
    423 635
    423 820
    423 871
    423 917
    423 942
    423 971
    424 552
    424 624
    424 816
    424 820
    424 830
    424 868
    424 879
    424 912
    424 994
    425 453
    425 476
    425 512
    425 546
    425 937
    425 951
    425 972
    425 998
    426 452
    426 458
    426 464
    426 492
    426 498
    426 514
    426 535
    426 645
    426 722
    426 728
    426 812
    427 590
    427 605
    427 642
    427 658
    427 677
    427 688
    427 699
    427 752
    427 783
    427 880
    427 923
    427 955
    427 979
    428 474
    428 515
    428 644
    428 859
    428 876
    428 934
    428 951
    428 958
    428 960
    428 985
    429 444
    429 449
    429 452
    429 472
    429 509
    429 543
    429 686
    429 719
    429 792
    429 883
    429 905
    430 600
    430 683
    430 728
    430 765
    430 928
    430 942
    431 533
    431 555
    431 648
    432 694
    432 736
    432 737
    432 808
    432 844
    432 963
    432 969
    432 979
    433 586
    433 589
    433 630
    433 691
    433 694
    433 696
    433 780
    433 789
    433 990
    434 675
    434 881
    434 943
    435 480
    435 525
    435 548
    435 552
    435 597
    435 630
    435 667
    435 670
    435 770
    435 796
    435 828
    435 899
    435 970
    436 473
    436 602
    436 645
    436 692
    436 748
    436 830
    436 910
    436 928
    436 967
    437 493
    437 522
    437 945
    437 962
    438 519
    438 617
    438 761
    438 785
    438 872
    438 979
    439 452
    439 480
    439 583
    439 613
    439 647
    439 668
    439 691
    439 709
    439 763
    439 821
    440 538
    440 561
    440 658
    440 676
    440 718
    440 799
    440 829
    440 830
    440 874
    440 877
    441 477
    441 493
    441 588
    441 688
    441 885
    441 900
    441 981
    442 450
    442 510
    442 544
    442 555
    442 582
    442 663
    442 925
    442 927
    442 934
    442 965
    443 479
    443 494
    443 495
    443 560
    443 566
    443 618
    443 764
    444 465
    444 604
    444 626
    444 825
    444 888
    444 970
    445 579
    445 623
    445 625
    445 742
    445 766
    445 767
    445 804
    445 821
    445 853
    445 971
    445 979
    445 988
    446 507
    446 576
    446 631
    446 644
    446 742
    446 767
    446 826
    446 848
    446 869
    446 899
    446 916
    446 959
    446 964
    447 528
    447 666
    447 814
    447 893
    448 502
    448 523
    448 579
    448 592
    448 674
    448 833
    448 938
    449 461
    449 487
    449 491
    449 567
    449 580
    449 678
    449 796
    449 818
    449 836
    449 871
    449 928
    449 935
    449 942
    449 970
    450 589
    450 668
    450 702
    450 708
    450 734
    450 897
    450 945
    450 973
    451 456
    451 676
    451 712
    451 839
    451 908
    451 992
    452 617
    452 814
    452 896
    452 963
    453 456
    453 503
    453 550
    453 625
    453 636
    453 673
    453 753
    453 754
    453 755
    453 797
    453 881
    453 912
    453 930
    453 972
    453 992
    454 544
    454 654
    454 689
    454 758
    454 772
    454 775
    454 781
    454 784
    454 856
    454 972
    455 549
    455 686
    455 813
    455 846
    456 653
    456 767
    457 490
    457 519
    457 547
    457 666
    457 912
    457 937
    458 485
    458 561
    458 725
    458 833
    458 841
    458 959
    458 987
    459 468
    459 483
    459 541
    459 582
    459 617
    459 667
    459 770
    459 948
    459 999
    460 524
    460 537
    460 622
    460 623
    460 788
    460 811
    460 855
    460 910
    460 962
    461 462
    461 689
    461 714
    461 733
    461 859
    461 926
    462 601
    462 612
    462 704
    462 715
    462 800
    462 812
    462 838
    462 906
    462 909
    463 475
    463 477
    463 529
    463 586
    463 613
    463 640
    463 768
    463 781
    463 909
    463 910
    463 930
    463 997
    464 563
    464 649
    465 696
    465 699
    465 757
    465 810
    465 844
    465 847
    465 860
    465 924
    466 628
    466 629
    466 660
    466 991
    467 483
    467 654
    467 684
    467 774
    467 818
    467 913
    467 975
    468 539
    468 687
    468 841
    468 856
    468 925
    468 926
    469 507
    469 564
    469 860
    469 862
    470 502
    470 545
    470 645
    470 663
    470 690
    470 806
    470 858
    470 865
    471 526
    471 623
    471 682
    471 859
    472 566
    472 578
    472 722
    472 836
    472 907
    472 919
    472 998
    473 514
    473 536
    473 546
    473 717
    473 760
    473 771
    474 635
    474 650
    474 878
    474 924
    474 975
    475 503
    475 534
    475 610
    475 726
    475 770
    475 881
    475 904
    475 916
    475 924
    475 946
    476 555
    476 589
    476 725
    476 812
    476 986
    477 493
    477 561
    477 631
    477 683
    477 859
    477 937
    477 980
    477 993
    478 728
    478 731
    478 789
    478 793
    478 956
    478 972
    479 534
    479 609
    479 717
    479 769
    479 942
    479 976
    479 987
    480 517
    480 533
    480 574
    480 589
    480 708
    480 712
    480 775
    480 780
    480 923
    481 546
    481 615
    481 718
    481 726
    481 799
    481 830
    481 871
    481 876
    481 921
    481 950
    482 552
    482 655
    482 683
    482 733
    482 764
    482 843
    482 993
    483 499
    483 596
    483 611
    483 713
    483 793
    483 863
    483 911
    483 951
    483 983
    484 506
    484 517
    484 589
    484 596
    484 632
    484 635
    484 845
    484 891
    484 965
    485 489
    485 502
    485 520
    485 531
    485 580
    485 619
    485 660
    485 721
    485 814
    485 916
    486 875
    486 883
    486 884
    486 925
    487 502
    487 726
    487 866
    487 942
    487 943
    487 953
    488 499
    488 683
    488 692
    488 721
    488 800
    488 826
    488 893
    488 955
    488 981
    489 754
    489 849
    489 898
    489 976
    489 989
    490 527
    490 528
    490 572
    490 647
    490 700
    490 881
    490 889
    491 584
    491 600
    491 614
    491 633
    491 911
    491 962
    491 980
    492 530
    492 532
    492 583
    492 593
    492 611
    492 660
    492 745
    492 789
    492 810
    493 530
    493 534
    493 595
    493 645
    493 779
    493 878
    493 983
    494 541
    494 552
    494 593
    494 594
    494 632
    494 966
    494 969
    494 975
    495 515
    495 582
    495 637
    495 670
    495 739
    495 760
    495 880
    495 964
    495 974
    496 501
    496 524
    496 525
    496 538
    496 607
    496 628
    496 632
    496 640
    496 659
    496 946
    496 984
    497 544
    497 621
    497 639
    497 810
    497 835
    497 852
    497 885
    497 895
    497 915
    497 985
    498 580
    498 624
    498 657
    498 693
    499 500
    499 554
    499 560
    499 704
    499 789
    499 801
    499 834
    499 900
    499 979
    500 535
    500 546
    500 584
    500 622
    500 705
    500 768
    500 769
    500 771
    500 816
    500 908
    500 926
    500 968
    501 644
    501 688
    501 750
    501 800
    501 984
    502 519
    502 622
    502 678
    502 729
    502 865
    502 910
    502 997
    503 515
    503 582
    503 617
    503 644
    503 668
    503 678
    503 823
    503 844
    503 871
    503 935
    504 832
    504 838
    504 847
    504 971
    504 994
    505 532
    505 539
    505 583
    505 672
    505 943
    505 982
    506 524
    506 613
    506 616
    506 668
    506 670
    506 766
    506 768
    506 943
    506 967
    507 519
    507 533
    507 634
    507 919
    507 926
    507 948
    508 699
    508 801
    508 923
    508 963
    508 964
    509 635
    509 701
    509 786
    509 967
    510 522
    510 779
    510 902
    510 956
    511 564
    511 751
    511 825
    511 914
    512 580
    512 601
    512 620
    512 795
    512 801
    512 865
    512 936
    512 968
    512 970
    513 597
    513 601
    513 616
    513 662
    513 691
    513 714
    513 738
    513 865
    513 869
    513 919
    513 997
    514 595
    515 524
    515 565
    515 641
    515 692
    515 843
    515 880
    516 642
    516 701
    516 858
    516 956
    517 537
    517 613
    517 649
    517 658
    517 665
    517 933
    517 997
    518 532
    518 553
    518 592
    518 613
    518 710
    518 911
    518 924
    518 931
    518 961
    518 989
    519 579
    519 621
    519 635
    519 718
    519 751
    519 782
    520 707
    520 722
    520 878
    521 738
    521 746
    521 875
    521 882
    521 950
    522 551
    522 598
    522 618
    522 638
    522 644
    522 685
    522 694
    522 801
    522 814
    522 908
    522 919
    522 991
    523 704
    523 818
    523 837
    523 902
    523 928
    523 929
    523 955
    524 553
    524 609
    524 709
    524 720
    524 741
    524 755
    524 830
    524 925
    524 946
    524 989
    525 558
    525 672
    525 686
    525 701
    525 788
    525 793
    525 794
    525 833
    525 950
    526 560
    526 561
    526 595
    526 686
    526 743
    526 963
    526 989
    527 569
    527 572
    527 591
    527 627
    527 675
    527 814
    527 830
    527 984
    528 558
    528 598
    528 626
    528 712
    528 765
    528 876
    528 914
    528 926
    528 929
    529 550
    529 575
    529 734
    529 860
    529 872
    529 984
    530 694
    530 716
    530 828
    530 901
    530 921
    531 541
    531 630
    531 673
    531 677
    531 694
    531 697
    531 771
    531 780
    531 797
    531 969
    531 989
    532 535
    532 644
    532 659
    532 664
    532 715
    532 965
    532 969
    533 598
    533 612
    533 670
    533 726
    533 885
    533 924
    534 565
    534 682
    534 693
    534 904
    534 941
    534 949
    535 592
    535 611
    535 664
    535 786
    535 836
    535 893
    535 897
    536 608
    536 869
    536 909
    536 961
    536 966
    537 549
    537 556
    537 609
    537 628
    537 651
    537 869
    537 903
    538 586
    538 635
    538 761
    538 779
    538 815
    538 921
    538 974
    539 581
    539 604
    539 976
    539 989
    540 561
    540 617
    540 642
    540 730
    540 776
    540 799
    540 870
    540 988
    541 657
    541 668
    541 717
    541 718
    541 765
    541 781
    541 802
    541 869
    541 920
    542 734
    542 846
    542 873
    542 999
    543 576
    543 701
    543 777
    543 818
    544 638
    544 751
    544 752
    544 780
    544 822
    544 828
    544 870
    544 872
    544 888
    544 903
    545 579
    545 625
    545 646
    545 752
    545 769
    545 781
    545 791
    545 874
    546 608
    546 678
    546 687
    546 851
    546 899
    546 950
    546 965
    547 656
    547 673
    547 717
    547 823
    547 884
    547 891
    548 578
    548 766
    548 808
    548 813
    548 875
    548 984
    548 995
    549 582
    549 621
    549 698
    549 718
    549 732
    549 737
    549 788
    549 843
    549 990
    550 619
    550 638
    550 653
    550 822
    550 852
    550 879
    550 941
    551 857
    551 919
    551 930
    551 985
    552 701
    552 748
    552 961
    553 554
    553 695
    553 745
    553 790
    553 896
    554 598
    554 696
    554 741
    554 776
    554 792
    555 620
    555 622
    555 677
    555 712
    555 771
    555 772
    555 774
    555 837
    556 678
    556 679
    556 732
    556 889
    556 960
    556 994
    557 571
    557 686
    557 711
    557 764
    557 767
    557 903
    557 926
    558 614
    558 653
    558 703
    558 707
    558 769
    558 805
    558 915
    558 916
    558 969
    559 603
    559 617
    559 671
    559 674
    560 612
    560 638
    560 837
    560 921
    560 949
    560 976
    561 602
    561 625
    561 647
    561 709
    561 711
    561 717
    561 805
    561 910
    561 984
    562 589
    562 652
    562 658
    562 667
    562 707
    562 779
    562 789
    562 802
    562 820
    563 641
    563 670
    563 710
    563 747
    563 790
    564 691
    564 698
    564 724
    564 760
    564 840
    564 899
    564 912
    565 590
    565 715
    565 771
    565 872
    565 917
    566 757
    566 868
    566 996
    567 625
    567 795
    567 914
    568 621
    568 623
    568 644
    568 754
    568 791
    568 829
    568 848
    568 903
    568 922
    568 985
    569 591
    569 592
    569 655
    569 973
    570 791
    570 888
    570 927
    570 932
    570 988
    571 587
    571 688
    571 840
    571 894
    571 907
    571 967
    571 978
    572 694
    572 703
    572 704
    572 713
    572 721
    572 728
    572 750
    572 898
    573 639
    573 726
    573 833
    573 844
    573 956
    573 998
    574 727
    574 760
    574 868
    574 948
    575 605
    575 641
    575 676
    575 697
    575 727
    575 871
    575 903
    575 957
    575 985
    576 720
    576 780
    576 823
    576 842
    576 877
    576 916
    576 961
    577 607
    577 626
    577 714
    577 717
    577 829
    577 972
    578 582
    578 688
    578 760
    578 767
    578 812
    578 945
    578 962
    579 688
    579 845
    579 944
    579 947
    579 953
    580 611
    580 776
    580 790
    580 793
    580 840
    580 872
    580 883
    580 892
    580 1000
    581 585
    581 634
    581 758
    581 773
    581 802
    581 946
    581 958
    582 659
    582 751
    582 903
    582 948
    582 999
    583 668
    583 728
    583 855
    583 896
    583 901
    583 949
    584 591
    584 672
    584 842
    584 861
    584 953
    585 682
    585 738
    585 815
    585 967
    586 621
    586 698
    586 874
    586 907
    586 962
    586 978
    587 607
    587 685
    587 689
    587 819
    587 908
    587 970
    588 645
    588 649
    588 679
    588 705
    588 760
    588 787
    588 788
    588 792
    588 844
    588 874
    589 647
    589 799
    589 833
    589 894
    589 933
    589 957
    590 631
    590 637
    590 652
    590 722
    590 775
    590 790
    590 915
    590 973
    591 652
    591 661
    591 758
    591 772
    591 797
    591 804
    591 924
    591 930
    591 935
    591 993
    592 648
    592 665
    592 679
    592 685
    592 826
    592 871
    592 879
    592 897
    592 927
    592 933
    592 952
    592 969
    592 981
    593 608
    593 735
    593 790
    593 835
    593 893
    594 751
    594 755
    594 764
    594 865
    594 896
    594 908
    594 956
    594 984
    595 690
    595 749
    596 662
    596 856
    596 932
    597 610
    597 739
    597 740
    597 851
    597 855
    597 874
    597 959
    597 965
    598 617
    598 619
    598 636
    598 688
    598 711
    598 799
    598 967
    598 973
    598 991
    598 997
    599 680
    599 807
    599 809
    599 916
    599 977
    600 674
    600 697
    600 742
    600 748
    600 769
    601 605
    601 647
    601 659
    601 816
    601 826
    601 841
    601 854
    601 904
    601 995
    602 641
    602 655
    602 825
    602 915
    602 952
    602 966
    603 656
    603 730
    603 732
    604 613
    604 646
    604 724
    604 737
    604 797
    604 833
    604 923
    604 937
    604 969
    604 990
    604 1000
    605 610
    605 807
    605 839
    605 848
    605 947
    605 949
    606 630
    606 706
    606 734
    606 737
    606 763
    606 783
    606 864
    606 871
    607 707
    607 717
    607 836
    607 918
    607 919
    607 947
    607 976
    607 998
    608 747
    608 799
    608 827
    608 836
    608 846
    608 950
    609 649
    609 733
    609 755
    609 804
    609 859
    610 823
    610 826
    610 869
    610 958
    611 803
    611 863
    611 939
    612 615
    612 629
    612 791
    612 814
    612 856
    612 874
    612 899
    612 905
    612 912
    612 961
    612 979
    613 638
    613 662
    614 623
    614 627
    614 676
    614 708
    614 881
    615 753
    615 776
    615 868
    615 889
    615 938
    616 709
    616 894
    617 647
    617 692
    617 722
    617 762
    617 768
    617 769
    617 798
    617 857
    617 878
    617 913
    617 924
    618 643
    618 663
    618 793
    618 802
    618 967
    619 634
    619 727
    619 728
    619 808
    619 827
    619 920
    620 799
    620 814
    620 826
    620 904
    621 681
    621 682
    621 716
    621 772
    621 816
    621 897
    622 735
    622 749
    622 784
    622 793
    622 806
    622 839
    622 909
    622 952
    622 955
    622 997
    623 655
    623 739
    623 743
    623 775
    623 786
    623 904
    623 956
    624 776
    624 785
    624 807
    624 957
    624 978
    625 737
    625 810
    625 863
    626 679
    626 712
    626 811
    626 838
    626 942
    626 980
    627 687
    627 688
    627 787
    627 818
    627 951
    628 659
    628 682
    628 808
    628 873
    628 894
    628 933
    628 945
    629 650
    629 656
    629 693
    629 712
    629 728
    629 787
    629 806
    629 943
    630 700
    630 809
    631 648
    631 808
    631 855
    631 920
    631 973
    632 718
    632 728
    632 755
    632 819
    632 857
    632 874
    632 891
    632 952
    633 770
    633 774
    633 842
    633 899
    634 657
    634 694
    634 829
    634 992
    635 740
    635 761
    635 882
    635 941
    635 957
    635 985
    636 721
    636 738
    636 777
    636 790
    637 689
    637 711
    637 722
    637 730
    637 747
    637 843
    637 879
    637 888
    637 949
    637 951
    638 640
    638 831
    638 942
    639 699
    639 743
    639 776
    639 783
    639 921
    640 670
    640 702
    640 740
    640 802
    640 831
    640 838
    641 652
    641 670
    641 709
    641 765
    641 891
    642 792
    642 803
    642 831
    642 839
    642 864
    642 977
    643 663
    643 678
    644 721
    644 768
    644 810
    644 920
    644 978
    645 654
    645 673
    645 688
    645 942
    645 995
    646 652
    646 851
    646 910
    646 977
    647 676
    647 691
    647 726
    647 776
    647 836
    648 700
    648 976
    648 997
    648 998
    649 660
    649 743
    649 744
    649 747
    649 776
    649 957
    649 992
    650 656
    650 727
    650 751
    650 752
    650 849
    650 905
    650 965
    650 976
    651 749
    651 866
    651 868
    651 877
    651 955
    651 989
    652 766
    652 788
    652 885
    653 718
    653 734
    653 1000
    654 661
    654 713
    654 816
    654 872
    654 886
    654 920
    655 704
    655 749
    655 842
    656 827
    657 977
    658 666
    658 817
    658 898
    659 735
    659 827
    659 858
    659 905
    660 688
    660 689
    660 730
    660 853
    660 855
    660 876
    660 886
    660 936
    661 688
    661 736
    661 754
    661 755
    661 767
    661 792
    661 878
    661 883
    661 903
    661 934
    662 686
    662 707
    662 726
    662 844
    662 888
    662 895
    662 923
    662 926
    662 928
    662 982
    662 993
    663 755
    664 772
    664 786
    664 792
    664 905
    664 958
    664 991
    665 690
    665 745
    665 773
    665 801
    665 805
    665 969
    666 684
    666 692
    666 789
    666 793
    666 983
    667 677
    667 707
    667 711
    667 950
    668 723
    668 729
    668 790
    668 912
    668 935
    668 959
    668 974
    669 673
    669 692
    669 721
    669 763
    669 905
    669 985
    669 993
    669 996
    670 674
    670 679
    670 776
    670 918
    670 982
    671 904
    671 996
    672 689
    672 711
    672 885
    672 905
    672 919
    673 732
    673 929
    673 955
    673 994
    674 762
    674 844
    674 947
    674 988
    675 693
    675 781
    675 812
    675 817
    675 831
    675 854
    675 878
    676 794
    676 813
    676 832
    676 897
    676 963
    676 985
    676 986
    677 699
    677 724
    678 684
    678 756
    678 788
    678 811
    678 817
    678 870
    678 976
    679 807
    679 826
    679 841
    679 918
    679 962
    680 737
    680 855
    680 886
    680 929
    680 936
    681 735
    681 812
    681 960
    682 696
    682 907
    682 940
    682 987
    683 699
    683 738
    684 711
    684 759
    684 821
    684 890
    684 982
    685 729
    685 781
    685 784
    685 803
    685 858
    685 884
    685 908
    685 980
    685 1000
    686 871
    686 927
    686 990
    687 721
    687 819
    687 821
    687 823
    687 842
    687 888
    687 897
    687 914
    687 924
    687 956
    688 765
    688 793
    688 873
    688 888
    689 715
    689 784
    689 854
    689 875
    689 892
    689 919
    690 778
    690 834
    691 702
    691 790
    691 997
    692 762
    692 786
    692 796
    692 829
    692 924
    692 985
    692 996
    693 747
    693 997
    694 701
    694 711
    694 718
    694 732
    694 765
    694 805
    694 879
    695 981
    696 782
    696 917
    696 973
    697 758
    697 827
    697 880
    697 933
    697 938
    698 764
    698 840
    698 853
    698 886
    698 941
    698 945
    699 755
    699 877
    699 894
    699 906
    699 940
    699 965
    699 971
    699 978
    699 995
    699 996
    700 797
    700 817
    700 863
    700 904
    700 982
    701 762
    701 867
    701 996
    702 719
    702 906
    703 863
    703 888
    703 926
    703 967
    703 968
    704 732
    704 759
    704 764
    704 796
    704 841
    704 893
    705 807
    705 898
    706 755
    706 806
    706 856
    706 981
    707 746
    707 969
    708 714
    708 844
    708 908
    708 938
    708 943
    709 826
    709 832
    709 856
    709 905
    709 968
    710 734
    710 738
    710 757
    710 759
    710 794
    710 824
    710 956
    710 985
    711 761
    711 765
    711 766
    711 850
    711 860
    711 978
    711 984
    712 735
    712 918
    713 819
    713 830
    713 905
    713 916
    714 726
    714 770
    714 922
    714 944
    715 750
    716 735
    716 918
    716 980
    717 875
    717 885
    718 836
    718 843
    718 943
    719 727
    719 793
    719 868
    720 787
    720 806
    720 851
    720 921
    721 742
    721 746
    721 771
    721 871
    721 961
    721 981
    722 737
    722 778
    722 781
    722 866
    722 920
    723 844
    723 866
    723 913
    723 921
    723 974
    724 735
    724 776
    724 788
    724 805
    724 953
    725 731
    725 803
    726 805
    726 947
    727 728
    727 862
    727 946
    727 967
    728 841
    728 857
    728 863
    728 937
    728 962
    728 973
    729 819
    729 962
    730 800
    730 875
    730 878
    730 890
    731 818
    731 887
    731 946
    731 952
    731 956
    732 914
    732 954
    732 977
    733 751
    733 863
    733 868
    733 955
    734 762
    734 858
    734 931
    734 953
    735 880
    735 882
    735 891
    735 900
    735 922
    735 939
    736 786
    736 792
    736 826
    736 875
    736 916
    736 929
    736 937
    737 741
    737 762
    737 815
    737 876
    737 941
    737 949
    738 763
    738 774
    738 796
    738 801
    738 806
    738 809
    738 813
    738 856
    738 863
    738 899
    738 956
    738 983
    739 752
    739 821
    739 832
    740 775
    740 847
    741 869
    742 817
    742 951
    743 873
    743 947
    743 978
    744 791
    744 845
    744 852
    744 858
    744 870
    744 883
    744 916
    745 875
    745 916
    745 918
    745 941
    745 948
    745 990
    746 767
    746 778
    746 790
    746 879
    747 754
    747 800
    747 814
    747 911
    747 955
    748 783
    748 839
    748 867
    748 889
    749 777
    749 822
    749 872
    749 903
    749 921
    749 940
    750 769
    750 814
    751 976
    752 815
    752 891
    752 916
    752 922
    752 945
    752 982
    753 777
    753 832
    754 772
    754 791
    754 810
    754 878
    754 902
    755 766
    755 782
    755 815
    755 840
    755 841
    755 850
    755 863
    757 897
    758 782
    758 821
    758 831
    758 873
    758 915
    758 958
    758 997
    759 936
    760 762
    760 764
    760 809
    760 846
    760 982
    761 794
    761 832
    761 908
    762 858
    762 898
    762 945
    762 962
    763 803
    763 827
    763 864
    763 876
    763 952
    763 964
    764 798
    764 828
    764 867
    764 959
    765 854
    765 920
    766 832
    766 867
    766 911
    766 985
    767 946
    768 770
    768 792
    768 853
    768 888
    768 915
    768 925
    768 940
    768 973
    769 883
    769 931
    769 997
    770 797
    770 823
    770 876
    770 904
    770 932
    770 940
    770 1000
    771 860
    771 921
    771 944
    771 950
    771 988
    771 990
    772 843
    772 890
    772 934
    772 945
    772 972
    774 806
    774 880
    775 906
    775 956
    775 960
    775 994
    775 996
    776 782
    776 786
    776 836
    776 976
    776 977
    777 781
    777 950
    777 957
    778 954
    779 867
    779 902
    780 814
    780 871
    780 923
    780 949
    781 791
    781 985
    782 938
    782 1000
    783 840
    783 907
    783 927
    783 989
    784 848
    784 873
    784 920
    785 787
    785 815
    785 920
    785 950
    786 886
    787 797
    787 964
    788 926
    788 927
    788 931
    788 961
    788 966
    790 860
    790 912
    790 956
    791 842
    791 847
    791 852
    791 880
    791 914
    791 921
    791 966
    792 929
    794 993
    795 890
    796 799
    796 859
    796 960
    796 966
    796 974
    796 982
    797 943
    797 964
    797 969
    798 909
    798 992
    799 804
    799 829
    799 848
    799 872
    799 897
    799 946
    799 962
    800 875
    800 896
    801 804
    801 827
    801 828
    801 879
    802 811
    802 894
    802 961
    803 819
    803 832
    803 848
    803 852
    803 952
    804 812
    804 935
    804 952
    805 926
    805 981
    806 955
    807 919
    807 920
    808 894
    808 899
    808 906
    809 815
    809 838
    809 867
    809 896
    809 951
    810 998
    811 922
    812 841
    812 862
    813 862
    813 952
    813 976
    813 1000
    815 846
    815 860
    815 947
    815 989
    816 895
    817 825
    817 860
    817 881
    817 886
    817 973
    818 827
    818 946
    818 968
    818 989
    819 823
    819 957
    821 929
    822 825
    822 842
    822 996
    823 830
    823 940
    823 977
    824 846
    824 861
    824 873
    825 827
    825 907
    826 867
    826 951
    827 854
    827 890
    827 977
    828 892
    829 882
    829 973
    829 984
    830 849
    830 864
    830 974
    831 845
    831 975
    831 990
    832 985
    833 909
    834 915
    834 948
    834 970
    835 863
    835 901
    835 937
    835 978
    836 908
    837 887
    837 898
    838 949
    838 1000
    839 862
    840 844
    840 851
    840 853
    840 972
    842 886
    842 924
    842 927
    842 930
    842 941
    842 963
    843 875
    843 956
    843 994
    844 920
    844 941
    846 1000
    847 874
    847 889
    847 920
    847 947
    848 878
    849 992
    850 855
    850 981
    851 871
    851 906
    852 890
    852 942
    853 965
    854 957
    854 972
    854 976
    854 979
    854 991
    855 876
    855 924
    856 864
    856 888
    856 934
    856 993
    857 881
    857 886
    857 967
    858 887
    858 904
    859 869
    859 872
    859 985
    863 914
    865 915
    866 974
    867 966
    868 909
    869 908
    870 912
    872 920
    872 967
    873 928
    873 956
    873 962
    873 963
    873 976
    874 925
    875 942
    876 918
    876 951
    877 936
    877 941
    877 975
    877 984
    878 953
    881 884
    882 952
    883 977
    883 986
    884 891
    884 933
    885 905
    885 940
    887 907
    887 992
    887 996
    888 905
    888 915
    888 972
    889 892
    890 912
    891 932
    891 942
    891 983
    892 978
    893 910
    894 901
    894 940
    894 951
    895 910
    895 924
    895 952
    895 991
    896 929
    897 999
    898 941
    899 977
    900 962
    901 938
    902 940
    902 969
    903 914
    904 910
    905 983
    906 998
    907 936
    907 968
    907 993
    907 998
    908 951
    909 938
    909 983
    909 989
    910 933
    910 970
    911 957
    912 983
    913 924
    914 976
    915 968
    916 935
    916 964
    917 919
    918 942
    918 959
    918 985
    920 946
    923 969
    923 991
    925 964
    928 946
    929 950
    930 948
    930 1000
    931 984
    933 982
    933 988
    934 965
    934 968
    934 990
    935 962
    939 963
    939 977
    941 945
    943 946
    943 966
    947 974
    947 980
    948 977
    949 952
    951 985
    951 995
    953 962
    953 978
    954 963
    954 971
    955 964
    958 965
    959 996
    964 997
    965 974
    966 978
    974 988
    974 995
    989 998
    992 993